$ANSIBLE_VAULT;1.1;AES256
64643766363465633334373831643161323334656537633862666539383666383839616232363563
3135383635356234326234333535656465646332623764300a656133613535666437343137353737
62656233386532623565666363666132386461306631366161373762343330616636623435633838
3232323462613839660a643434363131633665633038363836616333663531303861303238663963
35653837313666376638383333663035333934633738333065363338656463363034333664333961
66383263333130373936383561643264666533343135623634613266353734386631366166353436
66376635636664646238313234653337333637363163363235343530613338366261303365303365
66376166373338323237333039626632643331333736636662326163386233343831313266313861
39626464363333623764663233303261316362386438613663343530303766316364636631653534
64326530356239376536613638623265346465643664326534303231623733396365313961643437
34366137363162343361303131333564383837633731383238313737393336343536363330663364
35643961626137623632626330623361613264356663643537333830356665323237323430303837
34343435643832326638316636326632623763353938626363346361336362356439313565653463
62303336616431336265653335346339636364363030663765306534376161343164386565396463
37643766616433343535323262353663303666333531633533373135386332323736633437383932
34376336336534366132386338323838386665663239303331326336353261333261626165303435
36313232346666636430386239306361356161356436396161336631353434646432356130663966
30303837666337623033356231353037623333653735353465356335313033313338663031366234
33343365353463393434626134333465363638623862613435343963383766393539383130306430
66623538306631336138666434626161396237353236376633356561383739353561616364623734
64343361656235373935656364386438336663663566383764363466623863363635363831373536
36326465623763306566633935326564333433663931666631313039343932663262323465376361
66356266323431313733636162333536303262643464383331613034643035303737383733353238
66633831653164373961313137623735613835313630653961623130363639376664646338343265
38313538636162306630663338336337383639633438326363646630303965613237626231373537
33336134616230636230663537646565323635373632313835666462323930383664663366306134
36653261646233376338653131343066393161646466643561616538623639643066386336633235
64343365356138346539383530366334633531366464663136353834393261386337373862343062
62656134643334643763323639326464633462396263616332643135393638386230383366356537
63353934613561656261653736646235346632336461623231323534323830666566373137613337
61333763323038356561393330386535653466303464343139363530336530393539646139613363
66613365663938616134626263346431613933343130393266386134386664396266346138663530
34383139636265383334613039326561323138336366393834636330303962316535643232643165
32366333366130333862303163643935396130663566373134396631316636643537316331643033
32393961333037323839366633613733613765316233633139643630623865343730366333363161
36333461306562363536313165666234643635666665313865383762386465303839336338376666
31656663656166623864653866643734623634653038643635306139303936383063643932663862
31323965626235666664666635343665336666396135376161396335373365383333663162326666
34663136653563653139306463323537303936653466623838636437316665613332303462346165
30623833323639653833623466396263366337346662643664336236376332393833313966623439
63666663376263646137663437616439613361343036376264623035616263306237383831393130
37306363346235303130386362356535373438343436653963306335646130353161616630633339
32623130626163383339373733383665353662326666613561656463383963396534396339636536
39383434613331326366316164613934393436633637393737306562393964613563663964323433
31623332343934353963346264633834313064336163383836653566306138653931623134383430
33313033656561383231373663346338303437306335393735363939323466626437366138633937
37336563363937343337393931663564643364343139313532373432333637616462316161396236
30623964653631386263653464316234623166396463346566343939613338323633373936386362
62376537353932653331323963623837383333326139303662626162346461616636633234303465
38303238616162666634336536396634353838616338633861636135623636613431336432316466
38366330366230393130313463396665313065393361373539643663393765323561366531306231
38353865393839653635653338346262313732623737643139333531386436646462333664333038
39383737353663393562336163613036366261373463313465663034366161373935393032353363
62356132653465626564313730363266626534633465666333633538363365633563613633363037
32396436366230666530356364646263663639623635373435653632323261363863363364656332
35306134616161303430336638336538356363613361373030336338386362353064666165346331
34343530383338383338663265303464396264666136666566653737353336326466393937633830
36633239646632326261636261383039393838353836323635653137366234383535636631353865
30653139666633376336346165373639356465383662613463363633666166613132386366353464
33623263346165373465656334663235363235656563343962306363646565666333653865396464
66663236393364356138366564313462653364633061633362326633326237333031323462643162
61663261643138353063336665663663373963303235613439316235626338626239653335383331
31343234353739386166646135653461643839636531666234363836316566663832313564613733
66313338323532653836316266353231323330343432656333656262303866306237393438363136
63326662623737643938373634663134353733643437653733626439323633663265326635663264
33616139323633613932396334316666303539313032393836383463323131396663386631373238
30663462613532313330643436663762623438356531303135306664323136306433643562383262
33356633333033373836386436313334623839336563656664356364363738373937326466326636
65323135626337393530646163323363326132323133646237306439353636343732326564323961
39333035353362393232633762303837346562666632313637386132343836656239353838316666
31633232343334376637376365373562386535393364306666316436383235386431363732656135
34666531353066636438663438386233643737623335366564303839373835626432326339306138
62356465613236386636353136623635623833316463353561303031656433356461393535303831
30303631346136303766353937623531643265333562323832393838336432663832326535616264
32303130623564313865363361653062336437363833383032306139643638633363323565613936
32613963303039643564663830396533626132646432623533633437633636623064326232633933
36663966633233303539353966366164303863663632653365626130386139613663633462386565
36366365646466326663666262346436373864643037306262626231373363323831643735636566
36616635353836666333623564323264353763326530323065353739646532386361333861363434
31333035663534623438626163343930653630383138306337353830666165373337313361383963
37363838383430326238656532363139313065393833373838313566616330313239613432323935
31376530376362653731323738636438383866636331626664333831373662646537393735653861
62353961313333646534303432306232393461326537613263646134376539363538343932353832
38633061636634303636643038623439326333363535316531623130306363353538363937356366
34303739623632623563646535383830373838323230353231613638613961353761306465353465
62383266336562336138643238353862336136306466643833313136623066366435313330333763
35363230316464353030623835326562316336616533376263633165336361323162616161636664
61636462313962613838396439313138393465646134646264623061623065386333393236326533
66316562363531633035616161373664306135623064616235373731656332313634383662643062
66393265373833303038343631303538326266656634326161346532336333363062653535653662
38373262383563646438313663383461303164346234323164326366663864343638633066616265
37636466386630666362376164653436356234373761363938646633303562313265323565353631
61313835663734333563353033363565343239666665313831363733663836326232383534626663
32396135353566613736626231383766393465666531373935393463643564356130633065393063
66356239326136393832336163353661643262653531646136353336366562323738653437393633
31366663663265663630616134356434636562353464646431663964316534333737366365643630
31313133306635373030366330623832643733653235326634666637306330666264643234636339
38343239643339396537386135613839313731353437386531366534313932666264623863616437
30663761373037396337346264376566383537313035613936613835326465666361666533633361
32396562613631633462316634633035663039346236343631626562643331383634343535323139
34376232663962313935373834333638303736633738393537636263323136343530623331353064
37393433663662313534356434363262663739653237643935663036366333663761373736323964
38633137393230303535623265633966346632323462653931383466396235356563313165616638
63353766353765656434363630633933636431336263316532633633653833613065353032633662
66303063656462653832663964333636636238653139363463353533336362323461623466353634
35633133633139336233616135346664383563333133356537636634396266653765383534383462
36306237336465383530626635653265326230306434366638336335323536623131666337613566
33616235623732663337633432623532366464393737373733313563653965313230616163626131
32383961313862386435326231353863383334336332656132393365353437386462323435306265
33326137613664663662366165363939626138313637333861653666613336373430333363376362
37646362303030343364386637396561306434383261336164613564323862376463373437626232
31313535623237633665643931363232376262353266313932666231613239316366333431366436
61666335633865326136343034393963373732396562656237646638366365396636656136313739
65316534396135633732343736343564383233356164313031643561373363363238643564376532
39623638653264343263366563323936353733636335313737363631346637623862373530363162
38643638333961393537326438616636663331313032386538633465616164343632306639373262
62306265653735663831383435316136363530346536366439356139373339393565323865316466
66623161666232656432633031663632363132653037326431363261643138386335376638376566
61663536313638663938376562633261346565336164343031363963323432613165366435346431
64666232386335623938633162633934663736323763653936313639636637323766303233323036
30653238623834633162306531636661376463633563626266336161663534633663373832353162
30323562623433333163316231376261373834303164363930353063306431656538666235646434
39326134633736306263666238636238666665353961343136363036386530666236646133333539
63613530316238353536316138386130333561353463326134643532356561386337633834303962
30396363343866353264303466313230616363646661336163326161333965306266613537333031
39376439636562313666636439396539626335666161363332326138336365323930333363636638
65336563326662383534636431616561346564646666313566633861393665626334313837313738
61313739353931363966623038376530393031333937363931643530326238323963353564363733
64616261366463666339633230396265643239383830363439643934366430346538343565643866
65393630613137663435666661663762346531663330333339346162373965366436623033313032
33633230653637636336383132326237633063346339366230653465386434643665356363306464
37396263613436376462303366343436343231383565343163666331326264346639613762613034
34383733306139316461623566336365323034616230383439623333333434656461393632613863
38316131663265633439643863313733393636363732336431333831393235353534646661653235
63393633303765623034653366363239303165323234333739656230613436663737343063626332
38343235306261616634326335333034653063623439366338636564343866343661383364326134
66653332303733613330663366666664613932616661333935316131303064336635376535626265
35353765343737626634373661353666623531366332636363383133653530303061623330343238
30616130313030353436313963613762346463323531336534366463353834623863353462303632
63376239646661353330393936666639383965623230643834646636316335353732383336613863
32353465663462393730663165363230616532666561383634306266383032303331393063386133
36363137396133663430343839383235383232626435653636303964363137313232373734376338
34356365356330626264316463633131323832656535366261333337373638396633666232313363
37396534613230343135373366343333656362306234363861643061376339303736393839383033
61616335363131336136613833343064616362653834326435653133383539303164383262323334
37373834383361356133633965353831363933313436666634306663383263313932373466353164
39616562636333306238343034386538626532613030653461323463393331373137313766316639
30633734643061353532643438326463323336326466613933393932383463653265656531666235
33653562613039353530663230626365633637363932643839326165323265353231363564663261
36346632663733336237623065646437383265633761383938613565366439333636656134616433
31383736653139336236303031316439643933666239636361366231356539653632363639323230
62303066383339663466653935306162613234383430353433396463373666356262663930303831
35626138653865323736333839383264623834623564363835616233376532623638656563303437
63323432343338613264393735616538613535383838666635656361643937663461636237363661
35643432623336373263633630376230666364393830626363623835323031333265646633306231
39353937303030643561636266373962396436303063366265313336646437393366616366656531
31313031313135636432643335623036633264643533393466306264353137666663616461633138
62643566333431313161306633373861386366613435303763643836626335643463646234616433
37666338613161353466643237386165613433386638653831323862646336396165633936383136
38646162356430366437313663343832333938643030303031373866316561393863376662326539
64393866653538336137356435626132613234626639663931636432356632623035393563636330
39626532383939633538636164653262633561653865393930346535613130626334616166623131
36373838316139316131353864643734386466653164333238386630636438336666353065656433
31336639376161376363623361353334343563666233626332373730633335383436333737343435
36386239373439633437326561643938366533323764633233623636316639653861633734326635
37393538363835646464393963626335346638626233666564396365346133383834613034633964
36353230353064663065656264636165303230333665393538393663303565373836383565306530
37316465663561363465643963346130363935366238643434303137313262356633303536386264
34393264323132646564633236313862343036363161313962396235653962663563636639316134
33366237333732306131346138303565323235663763343364376436343961376130343664383732
38313532623731313263333631633864386531623938323062653662333338636537656165633038
39393431643563346662306365373038316662346465653334396332346239636133373962653634
63623332356162363433346131653031653432363236633737626431636639343865
