$ANSIBLE_VAULT;1.1;AES256
62393837303466313235313066343264633838383235663533356466306633643130633065376662
6463363136616561613237303066623038363235366632320a663833363438613139646237663435
32343163303135636430616366306263656466633663383339366332336132326365346330626436
3134613732366230320a653234373037373865623134383565633434616238376163376435366133
31633066366437393264303931393835643864336430326663653538646462353362303263393564
33623035353530643963326532373863323936643530633036346266366464633236396335383963
31383334303964623165313433663036313633343661376637663333393763376433373431643834
31366163363565623061393035393834373561663661343162306264323636646362653139633531
31356561373739666434356364386437633530333136373363396332646466633439666664303337
62383162353535663838656365353833373062613763366632343433663732653436646638396137
65393738323932303038373238653532626232653137343437633933626539363163323934383235
30663661636138386630656432376339353439396637613661396333373330306365303435663233
39613537353138623436636162633030656131366236656365326265376134366537633133663764
63613136626161313035663561373636396466653638383164396564626239303863613033623163
39666134616561633465303036363365613865363062363739353435663164393433623532666438
63323233306434383465363532383865393735373936616638633264623739626436313339643866
31316264386366633464363338313036323730373164343034663135356533383866653135623632
62633834363539653335666162373464333965363566633630386530396431336263393738633763
63376338666433383562346634383864363632313463323766313838373936366561623130373166
39613433656331633964323266353531393730636435356237306664666662323035383337373161
63626362313361623364383762623761663564633864396632343038323534373337303939353464
32386131633937616166626438626536646637663339633639333664386238663339643361383266
30353039373139636138383836656263366130653136323336313330646664633961643766643037
38346237303739623235366234323635326562373734336332393536303335353537613561353163
62373066376630633564613061643061343364316130323664356666323437643235333038643665
32663265616331626239376364653538396166396332633762653036323538626664383033326639
32643438336132623434393263626437663537393631663262383566383461396263386461393334
31646534663834633731623733663438363430653866376337616137353437316131613966336266
38326339356661636163386239353634376636316237313866366635306632343261386431306636
66303932633430646632313930393866663365323830613132663666343432613164613736383565
32643731623230346135303936373336613937666533316634653835666439613365373535653238
66613337623433396638646339303239616338373762376439616463346265333263346462336664
33313837336633383430633637363936393265363266333130636235623537623766333736336435
32386662326236666235353639366566616538393033383562353766613032386438343335353162
64336664646566396139343734633162623966353935396131346331646264333432303236393738
30346562616363623561653762356136313534313337343865376236366163323662343166623337
65323435616666313565326263336236333164303934373336306138663636366136633961653530
64346162663634363633373637313530363832346666646534326631663036636533386537396461
33623933316139386462636237316263396331313262306535633664353434323665613235316633
35346361386462356363323537336139303538343933663565643032363236333236326362653165
31363135336238323264363636623661306564393764373366303563316630646362626463336366
64393330316131666531626435306537316230656231366466393731353130323738666530333666
36666163343164343330656662653436313937326365393333623936393762623632393330613339
66663265336136666537653832343132343930306534333334306534616539636137353464623433
38326132333938653430346235383037656639316132623834663962336439366237346361326566
35383936353131313639373838303162623532623531363932656334346137373765386263626630
35663730353562386336313336393064643934636265623136646364666263613537313663643231
31343432663430376531303737386137633934363166363639383561656563303330396334373438
65633435616139353333393035636137306232653466306165326462646131306662643164383263
36636261656462336536326433636333666136393964313565363432653063323637373134636362
37646235386466356235656637313230323563393561363663393630356362346664383863346337
66386534643465323633633762323534393166653066306631363063626631353535313836646431
36396165626131653230343165613566393762636436396232626634363237346364643535633933
36626266356130616235363964393236613831386166616233636561643635306537653961646633
37343832363839663865323132636364383631613537613538346132316464653137313937636562
34333266376631336130653365306132643734666238643862333630333563633666616436386139
38363735323732343634623464616532363734303962643366333839656665653032626262633431
33353661633063643364373734353262613833663736336531353733643534376530373939326439
30613834643463333830316331623230623930356461666136643332663132633663633536373231
65616264656265383336633231666337393463333132323239303230653536326164306463663064
61376530663537633938653965653664303562646661373533656432393536326638643364343936
34656466333863316331336538343235343364386233366565303864343532613937316661363562
39363030343163306466363863663765373833393765373062376435386239313163666135353064
65656534353835633565613637663936353165646664653431313239636564633539313837633633
62393830663933356463633532343566646462353061326132373233316362623638346466646532
65313733643332363262656565666332663436363732323463333430383562353161363032336431
61646561613335373533656562323035636266643334393033363532313265346631303632376334
64646265346635343434336236646439393462323064613165323865356133396230313861376236
34333233353562316432636165303838323033633965393466353039303163656432616664623833
63353261306432616432636266356664346436636262653462376638373338346464383365623733
66316236616462636562306134373962303039383561633931373432343366636631396233343436
33373935633932383461613431306464653461313336383263343334643761613534346639383763
32646231343934393533646537303032646432636232373966366235663061653634333131393132
36613638333865653366336439613164663566393738376531346434346663353331656565363039
61666636636430646362623737663633323335313239383865356561656166396164363064356537
31333864343666663530356239353064633939656432383832373163393766336238623031626230
38616463613634393832373430396431386161363832623663313632303037646562633539336437
63336564656365363136343537616435346366303563633738356361326139386433303032656365
35333161626665623138353336636264373237316432653863373866633430663966666339343264
35373365626339343164313939396536663935353436636164303464623939613632663335656662
32343662663634343732626130353633663139653065656164633633653538373764643062336135
36303337363533346263646537373161323263666463356162323634663235653335383861393535
30323534346232343135356235386165643032616233343333663432383766346532316365373831
66323964613138373630363931333539623033343632393633383230326563323632343264396464
36353532323832353466323231623764303562613136663938333836646665636237326533383039
31366563396630373064353035353730323766346236356432396237386136326361653337323231
36306639643136366635366532353361363336356637313965393334386637386132643563646364
33323930623534616264376330343131306365643335386135366439316530383466316435326262
65383466366530316364636330313733363737623366656434313133386564623739343066653862
36613630303464303431663134613361633765656462626335333262663463386266373132643630
34373331313065663639343764353062666136373932346333346462656235643431306438653664
65316434386263313737313833643432663262316437383163636636336364393831313666366134
35653133393165393437313838626531663939346664646466633737313530396539616533613432
33613166623236393530346562383138353136666364353534376333653066613930613531343835
65663563336266653963646637343364643138346365623962633030613537613935323561316335
32336536363766306531626234363261346530303731613763653963353432333734643534393838
30666430336638393639343732326665323237336464383836383531666330336138376361353635
31366433666233353437653332373166383432633433386461363534313539616265366139633436
66633738333231343465613461343566323833323865376439393131303230383832653339643634
32343237316636383261656635663135613935323331616234326336383533386533353133383662
66663435323865353832616136373233363266313035643665323637633831393763646333353732
34386165393932383161373063303663626266313434353131323836386539316632363061666239
33666262323233333434303966643736366462626264356135356333653634636334323138333265
61623031653137336430653564613438383064353162373464663662353634636238303262666365
66303233373736353939363566303931613338386534303232366431386538306334633864633765
38336662653663373833373665653330623034303730646434393763356164646534326433346434
33333061333062303761356335383162383636303732343838336265356263626436343033383632
63323862333939333962636438633036386465373739666638363339616466313032336135333564
37333063373737656536396331653762346562656339633331386436663730333832313237383534
66386465383635356664323638366539646531353361373135363639363932656438653135613633
31326465376164333064326139646665343531643763623364303435663962346539363636333565
34303939656133303465326139383635313032376365633566356634383663343963353335613933
61363065396333376239353962383263393565666237373831656166363039396664323236323631
34303666663630346334303166343935653761363337363331383836343230306463643032353936
61316137323937363563393362393131323539653163383138643535396263303138646632336335
62353233376466393465363335623534316364356335656331326136313837383936626535616430
63383131353033336636306565346437383931373130313862623730343566326337316163386262
63386139643831663430323562356336386662383462353736643038333264343832373532366166
34363839363635333533333138366137323439336662626333353564636231323933623335333934
38373838386133663161646139356430383965343832353438303262306266376134363336316235
32393831323433633438333263356138643332643938376534643832383132363032363834643338
66383939633038306536396332663936643963623935316666663362636636316635663536353434
33333339653330376636393766323334643138393434633033306661353864396663306236356538
66656564303061643434633234386465393739646464663433346566643530386461323735626265
31646533393939333565396132366266303736383364303538323230363637353234633065366233
62396363396262313362393837613037326663353830353563333834633539666537303937313937
66613333346436376631383562336530633833336533313230356365366566646261646539316537
62653734646262316161613239336232656663373962323937646434363934316438306330653961
38646638333163343532663536363734613636613063663031313733666234396439336138313339
39613561356135303739323665306362633637366439633766636236316365306333373233343130
35323536316562623334306136636365666234343132383763666135653561386166613137373432
31616661643761396331666661346630343830666139613834653235623361316662383439653734
32323561306363663733376238376136393731346331633837333036303434643732623531643762
34376332633034336565333730613639356539623461643534636162636264373731643761383436
64393164313164373962326236353036396133336265313336363335643961666161653762353366
32356461636563323963643639336464373464313531363137356431306361343530303463663636
64323966376139333134313264396363343139326431373361306437323835336239653431396332
38636139366430626233386664383665326266303237363233356362353264326666396230633936
65303135643931636264626131303334636334303231393430633263393837633331333938346263
33313937343731336335306163656132643531666637643234656439643836373531353236333664
39623330643631363233363631616530616230386639393435623430616464383935306631623538
31653330323138343130383138643738356362376333653130313638333861396539623961663261
33663130316239623766666165613863626231306234663630633733376335366531386437383238
38303966356366343366323238363131626666363762373730386534356366386162333161633764
34313436313131616432333165396639616531643161346131623239626330643634343565613564
61363161613834663664383637353633313066396561376632386231666636346430633665303137
64373631303163396661326539316133393330623538333336663635323363303437666235326264
62616330376237613865323563393536616365393266636461643966396161366363343963353236
62343765313662353834396136326539613764666231333264646263346431316430383232623934
33343864656663633962333562306131653538653236633262613133373363626263353761363438
35623739343139373235626239636232343134396236353463326135656161346131663433666236
65303164393934336436653066346535343361326165616465326666353133383564346438643034
35643031366434663261326562643836616534363734303639386463373638643338666564356437
32376338653030346230626333356262323837353830653430353861393433373565356663616235
63313666666437333463386439656230343431656139616338313332326663393930333036386334
39313364393065333964663466373962383135636332393730343031326464383130623162616564
62346439346436376531323066336232333838626130643865636161373330383031663834306230
63316465353431373832633832336163393138366534316534393566316363393163666631643264
31303865613930643437346432306563303132653131663963373532316531643032373665353438
34616437656439303765656161386465643237316436326532353563613961363434633966333364
61326631386165306237643666383964366364643639636562643663373361663737323862656264
61633562386436346337313536653961626336643964643735316535623035343738393035383139
35323632383766646664643361323937346562393333376537386366383436353166613661643739
30326637333235626131326463313161633731343562386634336139336637633666323831363935
39633031336339363431353235376634636666366536333065386130643639343138333834393966
38336633373431663331303835316539356131336234666633646135313932333030343136356164
63366530643833636236643333613131623039333665366135633230306463303434303365356138
37393961613834333931303935633631626136666335643238623761643036613361326138316238
30333531316330663538346431383061623434316237653437343736313832353861356563303238
34386537346239396538653839363939373731656439623339393435353431623833396261613263
37623231663663633831353132646234326534373864623462376661663830643439653138613832
35633561363932663964616563366365393762613439653533656662653137633963396337323733
39333630306439626161333061333761643634326130636134346533366461333061666362363130
62373039383131656635313938643034616236646437393466313334373835663036363261326631
343333626564633262616532373661343936
